[app/ui]
version = 8.0.1
modtime = 1577886084.066542000

[app/launcher]
version = 8.0.1
modtime = 1577886084.070084000
